# #DistanceElevation	#DistanceHeightInc	#DistanceHeightDec	#DistanceHeadwind	#DistanceTailwind	#DistancePressureIncrease	#DistancePressureDecrease
-5.238347383603029277e-130	-9.973076321399816253e-131	8.751291152946116122e-131	-2.563689627975406866e-133	-1.963485657268938443e-132	-2.218901203120108700e-132	-4.780969838296573621e-132
5.281298722896121855e-126	1.005710388648067123e-126	-8.829890102304009938e-127	5.393644672803903500e-129	1.917868368100804690e-128	2.256852862238356779e-128	4.907290687304021801e-128
-9.369675733198870885e-123	-1.785255560352397977e-123	1.569879087236270144e-123	-2.435663098042975244e-125	-3.096480499891602897e-125	-4.082413567171738772e-125	-9.118616270397824589e-125
-3.860435574929108267e-119	-7.351485444692561877e-120	6.453764424978870231e-120	-3.359197954776793786e-122	-1.407400962136008416e-121	-1.654620359142616703e-121	-3.585301262140625149e-121
1.092718545994181544e-116	2.091726945550521590e-117	-1.865914712452768306e-117	1.915019742392388781e-118	3.689943459418885183e-120	5.441927653873678706e-119	1.484565951295360091e-118
3.398428361812217274e-112	6.474740916994664235e-113	-5.691860576683235123e-113	7.594598453809849899e-115	1.141899364477316132e-114	1.481464878732821584e-114	3.285846251628416633e-114
8.559613812451958194e-109	1.629893331561653203e-109	-1.430144066600133922e-109	2.265966460962973219e-112	3.196995699505261273e-111	3.678515082815892492e-111	7.872622765985356175e-111
-3.041850442912050965e-106	-5.828791655336995552e-107	5.224579357447752265e-107	-6.997974702225756619e-108	1.917454353380339711e-109	-1.529570991124069494e-108	-4.460307126676377789e-108
-8.670075819793044919e-102	-1.652285217685793210e-102	1.453752485938904119e-102	-2.678778031634043737e-104	-2.754256367549107757e-104	-3.818682762538058165e-104	-8.587520119902546603e-104
-2.765054304788789927e-98	-5.266620077126147454e-99	4.624637884448136857e-99	-2.635333529446726492e-101	-9.868460048535634915e-101	-1.204455913965482317e-100	-2.606819634628035828e-100
-2.019185444568538042e-95	-3.836926583237943380e-96	3.338836843982350358e-96	1.776906267639081484e-97	-1.079758948976841218e-97	-8.401847897632371350e-98	-1.474380346393189221e-97
1.832219385546446813e-91	3.493543213640893899e-92	-3.080040817095090368e-92	9.667206235423162787e-94	5.061645088674098328e-94	8.165852135334013409e-94	1.904364190222671769e-93
8.752197629407865983e-88	1.667641202356411257e-88	-1.466206667549995930e-88	1.951863197181231284e-90	2.890652401633000510e-90	3.860950712593641436e-90	8.539625025827586359e-90
1.548794461900241880e-84	2.948712932766402121e-85	-2.583788942679016664e-85	-2.417762811760414255e-87	6.120660268106800553e-87	6.787086669002558780e-87	1.396145823679781539e-86
-2.564831189147835393e-81	-4.896641077674294667e-82	4.341681155117070174e-82	-3.018276318341904022e-83	-4.245321483304854380e-84	-1.150280874430639237e-83	-2.980082047417795812e-83
-2.447317564090355525e-77	-4.664696342638963178e-78	4.107240326084254374e-78	-9.332577842126971042e-80	-7.352326275126103752e-80	-1.086658023796928856e-79	-2.469750465430692193e-79
-6.504272015598207142e-74	-1.239006418335938900e-74	1.087978350649108604e-74	-4.255278019699934393e-77	-2.282622571116431836e-76	-2.894828075892062221e-76	-6.200813363706267310e-76
4.479605150571313035e-72	8.815840666428869373e-73	-8.926619330990136993e-73	8.333702712151702477e-73	-1.150319251691350578e-73	1.420176233751635229e-74	1.837984609435788915e-73
6.537913506736190831e-67	1.246485883605856710e-67	-1.099069838271940778e-67	3.567636859836494281e-69	1.786173425358744166e-69	2.895322912591935121e-69	6.776126176834880482e-69
2.169582196684535115e-63	4.133883760607969237e-64	-3.634029953540668994e-64	3.938489018111009606e-66	7.086126300031993914e-66	9.725588199943037677e-66	2.124490207052860970e-65
5.367641954190117021e-61	1.015031822648108798e-61	-8.571533965285376019e-62	-2.488949911614485394e-62	5.368811550287099656e-63	2.961593295322856722e-63	1.487667994700202038e-63
-2.000290470699595787e-56	-3.813908131882268377e-57	3.364854858450716313e-57	-1.248699076020941770e-58	-5.260351463117045485e-59	-8.784058439061638946e-59	-2.087917737573178293e-58
-6.207078552593940558e-53	-1.182710663246663655e-53	1.039845135320572399e-53	-1.132088766361852813e-55	-1.981732346457233401e-55	-2.805849760216586825e-55	-6.111066191721233298e-55
4.248601583493408931e-50	8.121223103958914246e-51	-7.265442785429536295e-51	1.052332945121294323e-51	2.010845925140216509e-53	1.567103809080168823e-52	5.377413369906969763e-52
7.252934910778038303e-46	1.382656695489536511e-46	-1.218983307367350765e-46	3.896177858740946125e-48	1.993715393233031362e-48	3.189121273992061620e-48	7.457198890958538171e-48
9.097133781046128506e-43	1.732144243889644898e-43	-1.516981819834524884e-43	-3.410904034800669654e-45	3.309102639596973532e-45	4.392758132635849998e-45	8.462999872534433151e-45
-6.209580283438485973e-39	-1.184111389403524229e-39	1.045819252292994446e-39	-4.943840244071264599e-41	-1.571954103617739180e-41	-2.635934196441616690e-41	-6.526110579308053891e-41
-1.428602286532996760e-35	-2.721843239927226667e-36	2.392555762502954019e-36	-1.547683777951015675e-38	-4.378008179257736630e-38	-6.620389910225122964e-38	-1.407500485022558312e-37
6.421264682769280797e-32	1.224543404059023585e-32	-1.081905930549528061e-32	5.600638203205012883e-34	1.648891395695843583e-34	2.664778171635544498e-34	6.748010760238365746e-34
9.373207644422902487e-29	1.785294245000111366e-29	-1.567330904863570423e-29	-1.160574429878927692e-31	2.837952653168120280e-31	4.537796377692290259e-31	9.092527782120834684e-31
-8.797329600733057586e-25	-1.677317927986990282e-25	1.480313190287639645e-25	-6.381176422524896117e-27	-2.401768645537711954e-27	-3.702209791086126996e-27	-9.091722826382647658e-27
2.209533942167180083e-21	4.214145448635602368e-22	-3.724506898577691269e-22	2.199079505657303438e-23	6.147130538439469994e-24	8.744811701838988471e-24	2.318835426966627665e-23
-3.149784725328707719e-18	-6.009425986587217188e-19	5.316664462353274400e-19	-3.881796516168360341e-20	-9.345602358698548451e-21	-1.165314169305795287e-20	-3.345239858835429460e-20
2.895850977125935699e-15	5.527313302303864009e-16	-4.894284281626337279e-16	4.305254142361615322e-17	9.582872729818034395e-18	9.816646070201495876e-18	3.116298823648510370e-17
-1.777908004350559361e-12	-3.395647371623979031e-13	3.008757960822982619e-13	-3.175546466432449234e-14	-6.868005309873505569e-15	-5.324977746599372505e-15	-1.947662259072648416e-14
7.263298595071094498e-10	1.388650028695296278e-10	-1.230871833968227291e-10	1.573921132609269418e-11	3.415540987427458087e-12	1.793528099570481061e-12	8.175650152103834419e-12
-1.912516696328950653e-07	-3.662962853485346039e-08	3.245874618487071589e-08	-5.159144055684240082e-09	-1.128602728635903661e-09	-3.317803131037342230e-10	-2.249278258371097756e-09
3.041120743855973502e-05	5.843765273654457871e-06	-5.169627891566986996e-06	1.074892908530186482e-06	2.268204263814599898e-07	1.940225546193066767e-08	3.848259767864359984e-07
-2.592768168923784318e-03	-5.012581389118497734e-04	4.412148537321923568e-04	-1.316525349112246412e-04	-2.401469788190841494e-05	3.023363139532779429e-06	-3.707749463552868709e-05
-6.871777915117960323e-02	4.673686961513940329e-03	-2.719239302326439955e-03	8.082874697290591895e-03	1.039373161889832822e-03	-2.650989012667900446e-03	3.866261365098300727e-03
1.599271005623500514e+03	-1.543847356829817219e-01	1.282226149928540615e-01	-7.869453547279626093e+00	7.690438567415768034e+00	9.573410525895364662e-03	-1.906954564812035971e-02
