# #DistanceElevation	#DistanceHeightInc	#DistanceHeightDec	#DistanceHeadwind	#DistanceTailwind	#DistancePressureIncrease	#DistancePressureDecrease
-9.235011748010345267e-120	-2.000837735195487230e-120	1.514021804135643229e-120	-3.005404334047426379e-121	3.102609350467915881e-122	-8.808567006206584674e-122	-6.621804897961046773e-122
5.147792312252277000e-116	1.117608687390589665e-116	-8.442910404588502211e-117	1.799018917364361291e-117	-1.894015968717511519e-118	4.924620200304165874e-118	3.759565333678056072e-118
-5.045270150029963286e-113	-1.101564095653609250e-113	8.285300444499683196e-114	-2.123786803536324870e-114	2.299506929532049732e-115	-4.877075185023786986e-115	-3.851428951907494197e-115
-1.151390186904680634e-109	-2.499273500584408146e-110	1.888103695370914289e-110	-3.945076573032440414e-111	4.211229885378370227e-112	-1.098724699298649116e-111	-8.428551879879336918e-112
1.779824776360502904e-107	4.085048164958741301e-108	-2.959620753724428740e-108	1.967855671937060649e-108	-2.229259937304544285e-109	1.910345006149767495e-109	1.849841669791069452e-109
3.097799800717152760e-103	6.757536729001442677e-104	-5.085616015585155189e-104	1.252814900451854266e-104	-1.372289664434013477e-105	2.982143366918804488e-105	2.356415125575180407e-105
4.322172871290323388e-100	9.368881939232097999e-101	-7.083798884807437397e-101	1.362586965785540493e-101	-1.493060200591636972e-102	4.094320945766855471e-102	3.152996290181074823e-102
-8.353160682871920001e-98	-1.946422893909487548e-98	1.396086151086270933e-98	-1.136661586569227985e-98	1.255841608589790106e-99	-9.400415597792153889e-100	-9.177284562787224024e-100
-1.336673656771138336e-93	-2.924922680683443700e-94	2.196026524059565873e-94	-5.924532482870610335e-95	6.591868067046660258e-96	-1.293598412794440068e-95	-1.040373946884821366e-95
-2.361596235502645745e-90	-5.134075806076763341e-91	3.872731891595864767e-91	-8.180679233421607078e-92	9.272316079334194384e-93	-2.242799083795925462e-92	-1.768261918046029524e-92
-9.602660412516125932e-88	-2.026648031604016853e-88	1.561430068440672127e-88	8.841816279149912454e-90	-5.546406066952151336e-91	-8.315841838994006064e-90	-5.963302887467990774e-90
4.773150160452493469e-84	1.051552179065217493e-84	-7.857128821429897235e-85	2.590231110861919140e-85	-2.868231352056699856e-86	4.705928837970579255e-86	3.862039001782539916e-86
1.263972309012495273e-80	2.760119042403455199e-81	-2.075116857522286161e-81	5.110270530846768035e-82	-5.871067058254539494e-83	1.211185982424234696e-82	9.761360087302092146e-83
1.240034706249895490e-77	2.679494980477312514e-78	-2.029071592581075602e-78	2.887129992206253294e-79	-3.773966200305703108e-80	1.142954095172493428e-79	9.086794585846196978e-80
-1.126096460498487731e-74	-2.524491874497169211e-75	1.864435548415701250e-75	-9.452349339100884718e-76	9.861482172357637425e-77	-1.183352147701147263e-76	-9.823412725609874120e-77
-5.974761663287694204e-71	-1.310904623402388736e-71	9.823188206941782003e-72	-2.845101354659512570e-72	3.235199285374074696e-73	-5.808195777104013506e-73	-4.734770409395544174e-73
-8.801008930433385058e-68	-1.915538979726831991e-68	1.443009172154271403e-68	-2.931062288702913472e-69	3.706606547423385440e-70	-8.261815312218460440e-70	-6.752482974473614411e-70
2.963446812753405333e-66	9.804552433906629585e-67	-5.748836268525018030e-67	2.909087078612766263e-66	-2.425083512441846293e-67	9.526273069893073693e-68	6.729454422909711628e-68
2.698939585334096580e-61	5.945832345094091784e-62	-4.443972890615471676e-62	1.486778862806474817e-62	-1.637934546101841575e-63	2.672276881261355363e-63	2.170619467729346313e-63
4.965008952037254445e-58	1.084669214993019045e-58	-8.149646811370602804e-59	1.914969732637336272e-59	-2.412621675798532963e-60	4.707185470516168449e-60	3.895181140642969894e-60
6.980622228769664835e-56	1.369703411732827108e-56	-1.099971432897487880e-56	-1.212065084571555386e-56	6.602475417404759656e-58	2.663415812397780481e-58	4.185492176573505192e-58
-1.397255199513297382e-51	-3.082154132538378175e-52	2.302249931655352541e-52	-8.194719236645141772e-53	8.761950997350514167e-54	-1.399307022936332314e-53	-1.121950864274566586e-53
-2.403801837846502740e-48	-5.255711057695353348e-49	3.946154562734205519e-49	-9.281855788878753065e-50	1.229246046159659765e-50	-2.272134157758801674e-50	-1.906764388670804243e-50
8.993983388544016115e-46	2.051358244938844334e-46	-1.504648553221641059e-46	1.291394922644977001e-46	-9.366926542415074332e-48	1.127576483926694601e-47	7.263909874638740523e-48
8.580220565572620556e-42	1.888577433149151825e-42	-1.412723347367692625e-42	4.691329301503565356e-43	-5.148000291526869337e-44	8.513105948228403724e-44	6.836382631777539383e-44
5.977515067525227710e-39	1.296273293724278733e-39	-9.771286763575613186e-40	8.055703168631898069e-41	-2.741206100546780501e-41	5.160579500457869698e-41	4.867739973234674392e-41
-2.245303145665180345e-35	-4.959786992515232043e-36	3.704219131939923634e-36	-1.491193041047973618e-36	1.407562118422326791e-37	-2.315926297477851650e-37	-1.762718400800298744e-37
-2.865718069522004598e-32	-6.267797230817538664e-33	4.703033316606900626e-33	-1.009557371321329228e-33	1.623358626612091861e-34	-2.663040573480823770e-34	-2.330305098604233289e-34
7.103912341811183036e-29	1.569266093784646523e-29	-1.172489208214655328e-29	4.962645113858143584e-30	-4.262181722170023974e-31	7.436580394632571134e-31	5.469065888011963341e-31
5.757340173446802595e-26	1.256737211858152820e-26	-9.434135477321440377e-27	1.418816706641005720e-27	-3.543421121817766027e-28	5.124663125270215697e-28	4.836886570984009503e-28
-2.980310557531206817e-22	-6.566363916116341170e-23	4.913107788666895722e-23	-1.882875024097335295e-23	1.698944912557055359e-24	-3.060346550194709180e-24	-2.295081790866266273e-24
4.137640119578054323e-19	9.135352783463541028e-20	-6.833102212343910807e-20	3.126193742462017368e-20	-2.109542893453806845e-21	4.441353484938758871e-21	3.047789989515498250e-21
-3.261237164177521427e-16	-7.209567754578233627e-17	5.393679929684598275e-17	-2.823676580160830656e-17	1.360719549997819980e-18	-3.639056047098079900e-18	-2.280846195049690751e-18
1.657954393714116982e-13	3.668768677312061163e-14	-2.746216497889805481e-14	1.635321743609924610e-14	-4.675232447531536487e-16	1.925976358587371842e-15	1.084314379842134006e-15
-5.628972546295313312e-11	-1.246653699985957417e-11	9.340155684117564763e-12	-6.369362772992356943e-12	5.212321452384458458e-14	-6.833547576225773132e-13	-3.365311153777371343e-13
1.271738029293253191e-08	2.819029706115265868e-09	-2.114857809353216146e-09	1.679313096310689496e-09	2.059171144165451759e-11	1.621673382117138748e-10	6.724564499658494634e-11
-1.851930834590293497e-06	-4.109970222878614584e-07	3.088906978125828954e-07	-2.939950468833375615e-07	-9.009349140643825701e-09	-2.493108289198766885e-08	-8.261096757292310686e-09
1.628569709101850547e-04	3.622118762851527489e-05	-2.728368287728482903e-05	3.265266419631680735e-05	1.415264552646193789e-06	2.316450547846153773e-06	5.796795900224262643e-07
-7.677799881657783147e-03	-1.716086967888327776e-03	1.295142208196644164e-03	-2.111153852688269980e-03	-9.828344057508899207e-05	-1.127780157500223631e-04	-2.258511016773176035e-05
-1.398984052121466648e-01	7.646841959330920833e-03	-6.414308748949215004e-04	6.725820577336756589e-02	2.575211902731586958e-03	6.950904946985243197e-04	1.973873138564211441e-03
1.599338412719939470e+03	-1.622425368003768686e-01	1.171261346409075838e-01	-5.013105899484478378e+00	4.286184639823757081e+00	6.253342287933196658e-03	-1.772484772027765540e-02
